0.0%
0.0%
[[ 0.14709215 -0.35087697  0.718994    0.34200553]]
[-1.89212991]
[10 13 14 15 31 34 40 44 59 73 78]
[2.24918496e+00 2.16027777e+00 2.19792633e+00 2.48717061e+00
 2.51130939e+00 2.38227009e+00 2.39475805e+00 2.26083606e+00
 2.06214566e+00 2.29419976e+00 2.00012307e+00 2.22491150e+00
 2.69126799e+00 1.90656136e+00 1.94457957e+00 1.99050855e+00
 2.06245823e+00 2.20842800e+00 2.24523970e+00 2.10481159e+00
 2.05501467e+00 2.07552077e+00 2.45315474e+00 2.48181364e+00
 2.14640541e+00 2.34828154e+00 2.30809916e+00 2.14640541e+00
 2.29446204e+00 2.18804952e+00 2.34744468e+00 1.99993839e+00
 2.36463743e+00 2.02914482e+00 1.97240160e+00 2.12952522e+00
 2.25650091e+00 2.26331960e+00 2.26389418e+00 2.23957044e+00
 6.14504217e-05 4.55865983e-01 4.36475210e-01 8.45668558e-01
 5.29714727e-02 6.48050256e-01 6.27436536e-01 3.03517694e-01
 9.96393406e-01 2.34676410e-01 9.19688647e-01 3.43259902e-01
 1.19343713e+00 8.12355149e-01 5.67998051e-01 6.68428737e-01
 1.05562016e+00 1.21713601e+00 7.21361095e-01 1.07500225e-01
 1.83155492e-01 7.70555388e-02 2.28120000e-01 1.25713344e+00
 5.98018106e-01 5.80123162e-01 8.97949009e-01 8.35714418e-01
 2.71437830e-01 3.60267701e-01 5.78577051e-01 7.38681460e-01
 3.35107097e-01 2.49000441e-01 4.48600322e-01 3.23845893e-01
 3.93134143e-01 5.38579620e-01 4.85964267e-01 3.56322440e-01]
0.05555555555555555%
0.038461538461538464%
[[ 0.05984688 -0.07389327  1.0383202   0.88221347]]
[-6.64345222]
[ 1  3  4  6  8 10 11 12 13 14 15 16 21 22 23 24 25 28 29 32 35 38 39 41
 42 44 47 49 51 54 55 61 62 65 66 67 69 70 73 74 75 77]
[2.41144187e+00 1.37747294e+00 2.63776995e+00 1.66783953e+00
 1.53422840e+00 2.35652586e+00 1.43920566e+00 2.47315927e+00
 9.54892892e-01 2.18512910e+00 1.04006087e+00 1.54652631e+00
 1.86306830e+00 1.66643489e+00 1.22435878e+00 7.72794041e-01
 1.50290032e+00 2.97811334e+00 2.57558665e+00 2.76764002e+00
 2.38774720e+00 7.76908204e-01 1.54619778e+00 1.45162561e+00
 1.26812212e+00 1.72088501e+00 2.12599917e+00 2.19886925e+00
 1.87915184e+00 1.48869429e+00 2.27652586e+00 3.20550221e+00
 1.99999917e+00 2.10440381e+00 2.00879314e+00 1.87503768e+00
 3.43757089e+00 2.10523583e+00 4.31046012e-01 2.80641373e-01
 1.05236132e-01 5.31030249e-01 9.04961350e-02 3.52973794e-02
 1.77381972e-01 1.43418929e+00 1.81874660e+00 9.32014937e-01
 4.80548899e-01 6.63014937e-01 1.33163987e+00 7.90175486e-01
 2.84747503e-01 3.68892290e-01 9.07381521e-01 8.24312843e-01
 1.99908053e-01 4.35789250e-04 6.02472339e-01 9.58219918e-01
 2.88129399e-01 8.54564813e-01 4.20816784e-01 9.58533136e-01
 4.14251444e-01 1.90755987e-01 9.34129551e-01 5.26718532e-07
 4.60358176e-01 1.35053893e-01 5.24213541e-01 6.82228250e-01
 6.37632889e-01 3.58019226e-02 5.83343467e-01 3.12435338e-01
 1.12381370e-01 6.28618179e-01]
0.0%
0.0%
[[ 0.15360322 -0.11058593  0.4802471   0.22075204]]
[-2.34524344]
[13 34 51 56 68]
[2.16043294e+00 2.17139439e+00 2.24528464e+00 2.46616038e+00
 2.27624156e+00 2.14761172e+00 2.23444914e+00 2.21034623e+00
 2.00728595e+00 2.19549730e+00 2.03120774e+00 2.16236350e+00
 2.51238048e+00 2.00000450e+00 2.02732026e+00 2.09643937e+00
 2.09652333e+00 2.16903640e+00 2.20600252e+00 2.16463752e+00
 2.13821861e+00 2.08310675e+00 2.25746317e+00 2.24839030e+00
 2.19295820e+00 2.31065539e+00 2.21900485e+00 2.19295820e+00
 2.33267543e+00 2.17333813e+00 2.27373126e+00 2.21782975e+00
 2.35479262e+00 2.06343152e+00 1.98132325e+00 2.20113423e+00
 2.16954779e+00 2.27604726e+00 2.17579327e+00 2.22566457e+00
 1.90066804e-01 3.03973664e-01 4.72439001e-01 9.65696699e-02
 2.15079738e-01 3.36981514e-01 3.60132422e-01 1.12058488e+00
 1.37141262e+00 6.54503964e-02 6.05881965e-01 8.85730876e-06
 1.18702040e+00 7.44392981e-02 5.19952319e-01 6.85661041e-01
 4.32758619e-06 1.05428733e-02 4.81139609e-01 5.67578400e-01
 8.30715973e-01 9.63080984e-01 5.03214813e-01 9.32045123e-02
 3.02649401e-01 9.42980570e-01 4.65653339e-01 3.33713507e-01
 5.28421590e-02 4.28716020e-01 5.60270408e-01 3.28792298e-01
 1.15762311e-01 6.86571063e-01 6.08253135e-01 3.57154957e-01
 1.66656399e-01 2.60208700e-01 3.32168392e-01 7.58716488e-02]
0.0%
0.0%
[[ 0.15469538 -0.39157525  0.76518194  0.35435918]]
[-1.89642144]
[13 14 31 34 59 73 78]
[2.29125008e+00 2.19007653e+00 2.22191874e+00 2.52882101e+00
 2.57639908e+00 2.44807230e+00 2.45172968e+00 2.30042592e+00
 2.09552668e+00 2.34138030e+00 2.02074111e+00 2.26678685e+00
 2.75843982e+00 1.92168445e+00 1.96052195e+00 2.00250736e+00
 2.08826562e+00 2.24387410e+00 2.28123477e+00 2.12723102e+00
 2.07260396e+00 2.10290566e+00 2.51425517e+00 2.54808636e+00
 2.16908853e+00 2.38689518e+00 2.35050187e+00 2.16908853e+00
 2.32487917e+00 2.22018611e+00 2.39241365e+00 1.99987104e+00
 2.40319422e+00 2.05655131e+00 1.99987160e+00 2.15104690e+00
 2.30029802e+00 2.29573695e+00 2.30671961e+00 2.27301632e+00
 1.26400916e-01 5.86858450e-01 5.85372215e-01 1.00411010e+00
 4.96263635e-02 7.89057699e-01 7.70004417e-01 4.35163706e-01
 1.17608185e+00 3.64939210e-01 1.07396031e+00 4.72204354e-01
 1.38015158e+00 9.72395793e-01 7.09010024e-01 8.12745686e-01
 1.22807259e+00 1.39363214e+00 8.71040094e-01 2.57469177e-04
 3.12109004e-01 2.00154893e-01 3.52999154e-01 1.44390022e+00
 7.39065341e-01 7.10688386e-01 1.05404820e+00 1.00500383e+00
 3.93059807e-01 4.96859701e-01 7.28339033e-01 8.88434384e-01
 4.68674873e-01 1.44108047e-01 5.87050576e-01 4.49611621e-01
 5.24205064e-01 6.78070948e-01 4.01072224e-01 4.86844395e-01]
0.05555555555555555%
0.038461538461538464%
[[-0.07164497 -0.24        1.37603157  1.1621933 ]]
[-7.45759119]
[ 1  3  4  6  8 10 11 13 14 15 16 21 22 23 24 25 29 38 39 41 47 49 51 54
 55 61 62 65 66 69 70 74 75 77]
[2.74914146e+00 1.49620654e+00 3.09023811e+00 2.00000299e+00
 1.64337103e+00 2.71720930e+00 1.49435802e+00 2.81386729e+00
 9.51397066e-01 2.55164796e+00 1.02310989e+00 1.70464520e+00
 2.18433199e+00 1.96883849e+00 1.38475486e+00 8.01726061e-01
 1.64802902e+00 3.51166375e+00 2.92030595e+00 3.17412844e+00
 2.75997696e+00 6.58190752e-01 1.62904204e+00 1.65180969e+00
 1.47097419e+00 1.89556433e+00 2.42622232e+00 2.43666098e+00
 2.02646768e+00 1.65780969e+00 2.59837380e+00 3.66471858e+00
 2.21661916e+00 2.41200299e+00 2.27178366e+00 2.17000299e+00
 4.01647322e+00 2.38538682e+00 3.49135920e-01 6.29844388e-02
 3.44002545e-01 2.61423098e-01 2.61892880e-01 2.81892880e-01
 1.68380478e-02 1.85497928e+00 2.53440492e+00 7.92013239e-01
 7.96483021e-01 4.63861758e-01 1.86254062e+00 7.22451899e-01
 5.54373356e-01 6.06702351e-01 8.76890558e-01 7.80122904e-01
 5.58263691e-01 1.47057378e-01 9.42195843e-01 1.19540216e+00
 6.74483021e-01 8.19903574e-01 1.85778125e-01 1.33757967e+00
 7.70086178e-01 2.54513782e-06 9.10561564e-01 1.75234891e-01
 8.13428189e-01 5.13592005e-03 2.95203769e-01 1.07885383e+00
 1.01925068e+00 1.70796231e-01 4.20629412e-01 1.63532763e-01
 3.85825032e-01 4.90587596e-01]
0.0%
0.0%
[[ 0.15228427 -0.13536379  0.49069375  0.23688664]]
[-2.28933995]
[34 68]
[2.18443299e+00 2.18612504e+00 2.25380693e+00 2.47715719e+00
 2.31133654e+00 2.18612504e+00 2.26226717e+00 2.22842622e+00
 2.03045667e+00 2.21996598e+00 2.04568510e+00 2.18274094e+00
 2.53807090e+00 2.00676801e+00 2.03891691e+00 2.10152266e+00
 2.10829085e+00 2.18781708e+00 2.22335008e+00 2.17428070e+00
 2.14551590e+00 2.09644652e+00 2.29272402e+00 2.28595583e+00
 2.20304551e+00 2.32487292e+00 2.24027055e+00 2.20304551e+00
 2.34010135e+00 2.18950913e+00 2.29272402e+00 2.20642960e+00
 2.36717411e+00 2.07444991e+00 1.99999982e+00 2.20642960e+00
 2.19458527e+00 2.28764788e+00 2.19966141e+00 2.24027055e+00
 2.43655061e-01 3.70558618e-01 5.36379265e-01 1.67512927e-01
 2.85956247e-01 3.97631376e-01 4.19627993e-01 1.17766524e+00
 1.46192920e+00 1.35364026e-01 6.70051011e-01 6.26059869e-02
 1.26565170e+00 1.35364026e-01 5.78680450e-01 7.44501098e-01
 5.75298447e-02 6.42980344e-02 5.51607692e-01 6.26057778e-01
 9.01861508e-01 1.01353664e+00 5.75296356e-01 1.48900405e-01
 3.67174523e-01 1.01522868e+00 5.26226980e-01 3.90863187e-01
 2.32367353e-07 4.89001937e-01 6.27749826e-01 3.89171139e-01
 1.81049306e-01 7.52961335e-01 6.73435106e-01 4.21320040e-01
 2.35194824e-01 3.19797195e-01 3.89171139e-01 1.31979931e-01]
0.0%
0.0%
[[ 0.08461492 -0.44526591  0.8404229   0.39549568]]
[-1.56795296]
[13 14 31 73 78]
[2.41878276e+00 2.25192965e+00 2.28145744e+00 2.57589177e+00
 2.77064344e+00 2.62598529e+00 2.59682139e+00 2.39960678e+00
 2.23029073e+00 2.44914426e+00 2.11711841e+00 2.36506810e+00
 2.86215956e+00 1.97932759e+00 1.99980278e+00 2.05690031e+00
 2.15590753e+00 2.34665257e+00 2.38616827e+00 2.17133796e+00
 2.11834988e+00 2.20610386e+00 2.65336168e+00 2.71699652e+00
 2.23348025e+00 2.48212265e+00 2.48935267e+00 2.23348025e+00
 2.35979613e+00 2.31058747e+00 2.49211056e+00 2.00009893e+00
 2.44884931e+00 2.12133499e+00 2.07342554e+00 2.20235830e+00
 2.40465154e+00 2.34788404e+00 2.42724426e+00 2.35856466e+00
 3.01565655e-01 7.18497044e-01 7.17338842e-01 1.16060850e+00
 1.54286283e-01 8.70197401e-01 9.45239438e-01 5.61825195e-01
 1.35222112e+00 5.05420380e-01 1.25234631e+00 5.77289494e-01
 1.56327200e+00 1.12603596e+00 8.10274249e-01 9.06262500e-01
 1.34840783e+00 1.53762644e+00 1.02361200e+00 9.36365536e-02
 4.57443189e-01 3.33851331e-01 4.72839751e-01 1.65646849e+00
 9.28316455e-01 8.40528611e-01 1.16187384e+00 1.15301459e+00
 5.29971143e-01 6.60100314e-01 9.12193316e-01 1.03203962e+00
 6.01408631e-01 9.86977424e-05 7.47593205e-01 5.82925356e-01
 6.67001515e-01 7.93351265e-01 2.93267689e-01 6.27485816e-01]
0.05555555555555555%
0.02564102564102564%
[[-0.12864428 -0.42231489  1.52634679  1.34681045]]
[-7.68506986]
[ 1  4  6  8 10 11 14 15 16 21 22 23 24 25 29 38 39 41 47 49 51 54 55 61
 62 66 69 70 74 75 77]
[2.93383069e+00 1.63514861e+00 3.38448898e+00 2.25470219e+00
 1.78364627e+00 2.96662460e+00 1.52298093e+00 3.02702108e+00
 1.04475536e+00 2.79604092e+00 1.05200111e+00 1.86227921e+00
 2.41896166e+00 2.19960628e+00 1.53033344e+00 8.92619496e-01
 1.79287249e+00 3.82733676e+00 3.12455984e+00 3.41187557e+00
 3.00253187e+00 6.57920397e-01 1.75791741e+00 1.86934889e+00
 1.66211711e+00 2.00007362e+00 2.66354708e+00 2.59215988e+00
 2.15853370e+00 1.83001478e+00 2.80766570e+00 3.91586065e+00
 2.38421793e+00 2.65845787e+00 2.48154534e+00 2.39323280e+00
 4.33641105e+00 2.59194853e+00 3.94675804e-01 6.56176763e-05
 3.96413651e-01 1.48774635e-01 4.03025328e-01 3.27501117e-01
 3.09638012e-02 1.90907908e+00 2.85580735e+00 7.34078677e-01
 8.73717693e-01 4.15239353e-01 2.06203188e+00 7.32420951e-01
 5.87852971e-01 6.19623222e-01 9.14422691e-01 8.33386561e-01
 6.84969021e-01 1.29454752e-01 1.05013604e+00 1.15608410e+00
 8.19650065e-01 8.73426216e-01 1.34742031e-01 1.46580396e+00
 8.48487650e-01 1.59674060e-03 9.73156812e-01 1.88683055e-01
 9.23724404e-01 1.41106734e-04 2.28148407e-01 1.19185148e+00
 1.12657715e+00 2.20736131e-01 3.60642249e-01 1.57578147e-01
 4.21401675e-01 5.02388346e-01]
0.0%
0.0%
[[ 0.15228427 -0.13536379  0.49069375  0.23688664]]
[-2.28933995]
[34 68]
[2.18443299e+00 2.18612504e+00 2.25380693e+00 2.47715719e+00
 2.31133654e+00 2.18612504e+00 2.26226717e+00 2.22842622e+00
 2.03045667e+00 2.21996598e+00 2.04568510e+00 2.18274094e+00
 2.53807090e+00 2.00676801e+00 2.03891691e+00 2.10152266e+00
 2.10829085e+00 2.18781708e+00 2.22335008e+00 2.17428070e+00
 2.14551590e+00 2.09644652e+00 2.29272402e+00 2.28595583e+00
 2.20304551e+00 2.32487292e+00 2.24027055e+00 2.20304551e+00
 2.34010135e+00 2.18950913e+00 2.29272402e+00 2.20642960e+00
 2.36717411e+00 2.07444991e+00 1.99999982e+00 2.20642960e+00
 2.19458527e+00 2.28764788e+00 2.19966141e+00 2.24027055e+00
 2.43655061e-01 3.70558618e-01 5.36379265e-01 1.67512927e-01
 2.85956247e-01 3.97631376e-01 4.19627993e-01 1.17766524e+00
 1.46192920e+00 1.35364026e-01 6.70051011e-01 6.26059869e-02
 1.26565170e+00 1.35364026e-01 5.78680450e-01 7.44501098e-01
 5.75298447e-02 6.42980344e-02 5.51607692e-01 6.26057778e-01
 9.01861508e-01 1.01353664e+00 5.75296356e-01 1.48900405e-01
 3.67174523e-01 1.01522868e+00 5.26226980e-01 3.90863187e-01
 2.32367353e-07 4.89001937e-01 6.27749826e-01 3.89171139e-01
 1.81049306e-01 7.52961335e-01 6.73435106e-01 4.21320040e-01
 2.35194824e-01 3.19797195e-01 3.89171139e-01 1.31979931e-01]
0.0%
0.0%
[[ 0.06496522 -0.44387644  0.84742986  0.38951109]]
[-1.49018411]
[13 14 31 73 78]
[2.43266773e+00 2.25374095e+00 2.28462745e+00 2.57133902e+00
 2.79407354e+00 2.64598946e+00 2.61302678e+00 2.40917389e+00
 2.24912873e+00 2.45759384e+00 2.13001883e+00 2.37425508e+00
 2.86396720e+00 1.98826742e+00 1.99951199e+00 2.06319732e+00
 2.16284568e+00 2.35688549e+00 2.39724083e+00 2.17146218e+00
 2.12057801e+00 2.22160258e+00 2.66216246e+00 2.73285242e+00
 2.23777559e+00 2.49094456e+00 2.50688189e+00 2.23777559e+00
 2.35640542e+00 2.31899437e+00 2.50041340e+00 2.00024428e+00
 2.44518071e+00 2.12933111e+00 2.07967078e+00 2.20672523e+00
 2.41180196e+00 2.34744468e+00 2.43916425e+00 2.36584623e+00
 3.02404731e-01 7.04953437e-01 7.02309598e-01 1.14709795e+00
 1.43491378e-01 8.43072836e-01 9.39692829e-01 5.52121318e-01
 1.33377312e+00 4.97368698e-01 1.24148939e+00 5.59333580e-01
 1.54607865e+00 1.11358338e+00 7.88664462e-01 8.80963958e-01
 1.32170424e+00 1.51277172e+00 1.01006656e+00 8.15545214e-02
 4.50516833e-01 3.26822738e-01 4.60537562e-01 1.64625088e+00
 9.26699784e-01 8.27079450e-01 1.13625290e+00 1.13323679e+00
 5.22818666e-01 6.53517379e-01 9.09150572e-01 1.01796732e+00
 5.89668193e-01 2.44174790e-04 7.40724586e-01 5.75107066e-01
 6.58445819e-01 7.75671417e-01 2.97800792e-01 6.18090477e-01]
0.05555555555555555%
0.02564102564102564%
[[-0.18089994 -0.48747915  1.76397307  1.56212238]]
[-8.69434163]
[ 1  4  6  8 10 11 14 15 16 21 22 23 24 29 38 41 47 49 51 54 55 61 62 66
 70 74 75 77]
[3.23418072e+00 1.73387602e+00 3.74000867e+00 2.46910373e+00
 1.88875634e+00 3.26534300e+00 1.60731299e+00 3.32824956e+00
 1.04269352e+00 3.07612149e+00 1.06605750e+00 1.99755258e+00
 2.64994747e+00 2.40226582e+00 1.63536075e+00 8.93335262e-01
 1.91236840e+00 4.25688894e+00 3.43780896e+00 3.77041851e+00
 3.30571314e+00 6.00276492e-01 1.85257635e+00 1.99989574e+00
 1.78369957e+00 2.16297268e+00 2.90677005e+00 2.82133779e+00
 2.32070871e+00 1.95902124e+00 3.08056792e+00 4.33680985e+00
 2.58412899e+00 2.90467497e+00 2.69971482e+00 2.61376748e+00
 4.82537536e+00 2.82736421e+00 3.09617083e-01 1.48794862e-01
 5.95410232e-01 5.90349094e-05 6.36853486e-01 5.29904240e-01
 1.81043499e-01 2.31559689e+00 3.40957872e+00 6.89146462e-01
 1.14504350e+00 3.04610093e-01 2.49065156e+00 6.94916611e-01
 8.20051095e-01 8.38904248e-01 9.01971839e-01 8.04980368e-01
 9.41663344e-01 2.71180987e-01 1.33032547e+00 1.43780051e+00
 1.09787558e+00 8.59506626e-01 5.65118143e-05 1.80340861e+00
 1.13590256e+00 1.50385578e-01 9.63287681e-01 3.52175016e-01
 1.20978633e+00 1.35407572e-01 9.54597896e-02 1.51592811e+00
 1.44490005e+00 3.96732781e-01 2.64811236e-01 3.57239457e-02
 6.44985705e-01 4.16005766e-01]
0.0%
0.0%
[[ 0.15228427 -0.13536379  0.49069375  0.23688664]]
[-2.28933995]
[34 68]
[2.18443299e+00 2.18612504e+00 2.25380693e+00 2.47715719e+00
 2.31133654e+00 2.18612504e+00 2.26226717e+00 2.22842622e+00
 2.03045667e+00 2.21996598e+00 2.04568510e+00 2.18274094e+00
 2.53807090e+00 2.00676801e+00 2.03891691e+00 2.10152266e+00
 2.10829085e+00 2.18781708e+00 2.22335008e+00 2.17428070e+00
 2.14551590e+00 2.09644652e+00 2.29272402e+00 2.28595583e+00
 2.20304551e+00 2.32487292e+00 2.24027055e+00 2.20304551e+00
 2.34010135e+00 2.18950913e+00 2.29272402e+00 2.20642960e+00
 2.36717411e+00 2.07444991e+00 1.99999982e+00 2.20642960e+00
 2.19458527e+00 2.28764788e+00 2.19966141e+00 2.24027055e+00
 2.43655061e-01 3.70558618e-01 5.36379265e-01 1.67512927e-01
 2.85956247e-01 3.97631376e-01 4.19627993e-01 1.17766524e+00
 1.46192920e+00 1.35364026e-01 6.70051011e-01 6.26059869e-02
 1.26565170e+00 1.35364026e-01 5.78680450e-01 7.44501098e-01
 5.75298447e-02 6.42980344e-02 5.51607692e-01 6.26057778e-01
 9.01861508e-01 1.01353664e+00 5.75296356e-01 1.48900405e-01
 3.67174523e-01 1.01522868e+00 5.26226980e-01 3.90863187e-01
 2.32367353e-07 4.89001937e-01 6.27749826e-01 3.89171139e-01
 1.81049306e-01 7.52961335e-01 6.73435106e-01 4.21320040e-01
 2.35194824e-01 3.19797195e-01 3.89171139e-01 1.31979931e-01]
0.0%
0.0%
[[ 0.04503964 -0.44386065  0.85408254  0.38378962]]
[-1.406801]
[13 14 31 73 78]
[2.44798963e+00 2.25644696e+00 2.28809817e+00 2.56684275e+00
 2.81935673e+00 2.66842227e+00 2.63082034e+00 2.41975868e+00
 2.26966833e+00 2.46750862e+00 2.14401493e+00 2.38474360e+00
 2.86667654e+00 1.99800387e+00 2.00022220e+00 2.06989478e+00
 2.17068111e+00 2.36822543e+00 2.40924762e+00 2.17217880e+00
 2.12328877e+00 2.23807351e+00 2.67292078e+00 2.75082424e+00
 2.24257202e+00 2.50029992e+00 2.52553004e+00 2.24257202e+00
 2.35314332e+00 2.32834333e+00 2.50967090e+00 1.99955794e+00
 2.44191545e+00 2.13830925e+00 2.08749665e+00 2.21134025e+00
 2.42047933e+00 2.34749927e+00 2.45249359e+00 2.37386948e+00
 3.03754383e-01 6.90181992e-01 6.87063159e-01 1.13223829e+00
 1.31848721e-01 8.14265183e-01 9.32894862e-01 5.41533161e-01
 1.31500716e+00 4.88859818e-01 1.22899627e+00 5.40387619e-01
 1.52798595e+00 1.09986643e+00 7.65738206e-01 8.54147284e-01
 1.29356036e+00 1.48623765e+00 9.95296782e-01 6.89657403e-02
 4.43333665e-01 3.19546450e-01 4.47474577e-01 1.63489739e+00
 9.23886935e-01 8.11745419e-01 1.10886891e+00 1.11295888e+00
 5.14503924e-01 6.46522031e-01 9.05390019e-01 1.00244397e+00
 5.77268896e-01 2.20318451e-04 7.33070372e-01 5.66037180e-01
 6.48802207e-01 7.56730279e-01 3.02334284e-01 6.07780018e-01]
0.05555555555555555%
0.02564102564102564%
[[-0.20245905 -0.43802891  1.81655219  1.63803426]]
[-9.09180839]
[ 1  4  6  8 10 14 15 16 21 22 23 24 29 38 47 49 51 54 55 61 62 66 70 74
 75 77]
[3.36598324e+00 1.76604914e+00 3.82683046e+00 2.52009601e+00
 1.90812952e+00 3.36285067e+00 1.67918183e+00 3.43426009e+00
 1.02009708e+00 3.15763622e+00 1.10421553e+00 2.04985311e+00
 2.71721116e+00 2.45604722e+00 1.68231237e+00 8.94951528e-01
 1.94531025e+00 4.38873319e+00 3.55186651e+00 3.89732516e+00
 3.39855426e+00 6.03969730e-01 1.86763771e+00 2.00052128e+00
 1.81132693e+00 2.25249269e+00 2.96235725e+00 2.90475211e+00
 2.38573755e+00 1.99150725e+00 3.17309615e+00 4.47891362e+00
 2.64929336e+00 2.96475136e+00 2.75714505e+00 2.67671935e+00
 4.96792754e+00 2.89499738e+00 2.69000003e-01 1.69767368e-01
 6.48292367e-01 1.79322512e-02 7.03146598e-01 6.05966619e-01
 2.17619804e-01 2.45932216e+00 3.51207071e+00 7.30413922e-01
 1.23135797e+00 2.74885735e-01 2.56974421e+00 7.00411030e-01
 9.00440039e-01 8.96568785e-01 9.05623236e-01 7.91327893e-01
 9.98536987e-01 2.93257276e-01 1.37674718e+00 1.54625784e+00
 1.16234041e+00 8.72313761e-01 2.56500631e-04 1.88361739e+00
 1.24737583e+00 1.94062818e-01 9.52737207e-01 4.02588353e-01
 1.29780088e+00 1.85229547e-01 7.20676418e-02 1.61491432e+00
 1.55565374e+00 4.51179466e-01 2.67346604e-01 2.60997910e-04
 7.40507866e-01 3.87525645e-01]
0.0%
0.0%
[[ 0.15228427 -0.13536379  0.49069375  0.23688664]]
[-2.28933995]
[34 68]
[2.18443299e+00 2.18612504e+00 2.25380693e+00 2.47715719e+00
 2.31133654e+00 2.18612504e+00 2.26226717e+00 2.22842622e+00
 2.03045667e+00 2.21996598e+00 2.04568510e+00 2.18274094e+00
 2.53807090e+00 2.00676801e+00 2.03891691e+00 2.10152266e+00
 2.10829085e+00 2.18781708e+00 2.22335008e+00 2.17428070e+00
 2.14551590e+00 2.09644652e+00 2.29272402e+00 2.28595583e+00
 2.20304551e+00 2.32487292e+00 2.24027055e+00 2.20304551e+00
 2.34010135e+00 2.18950913e+00 2.29272402e+00 2.20642960e+00
 2.36717411e+00 2.07444991e+00 1.99999982e+00 2.20642960e+00
 2.19458527e+00 2.28764788e+00 2.19966141e+00 2.24027055e+00
 2.43655061e-01 3.70558618e-01 5.36379265e-01 1.67512927e-01
 2.85956247e-01 3.97631376e-01 4.19627993e-01 1.17766524e+00
 1.46192920e+00 1.35364026e-01 6.70051011e-01 6.26059869e-02
 1.26565170e+00 1.35364026e-01 5.78680450e-01 7.44501098e-01
 5.75298447e-02 6.42980344e-02 5.51607692e-01 6.26057778e-01
 9.01861508e-01 1.01353664e+00 5.75296356e-01 1.48900405e-01
 3.67174523e-01 1.01522868e+00 5.26226980e-01 3.90863187e-01
 2.32367353e-07 4.89001937e-01 6.27749826e-01 3.89171139e-01
 1.81049306e-01 7.52961335e-01 6.73435106e-01 4.21320040e-01
 2.35194824e-01 3.19797195e-01 3.89171139e-01 1.31979931e-01]
0.0%
0.0%
[[ 0.03774433 -0.44182185  0.85462103  0.38840805]]
[-1.38130661]
[13 31 73 78]
[2.45261491e+00 2.25725285e+00 2.29028912e+00 2.56554759e+00
 2.82645004e+00 2.67288529e+00 2.63422187e+00 2.42219513e+00
 2.27570878e+00 2.46927959e+00 2.14914414e+00 2.38625660e+00
 2.86593870e+00 1.99976284e+00 2.00086654e+00 2.07297524e+00
 2.17202237e+00 2.37179940e+00 2.41307932e+00 2.17266291e+00
 2.12470629e+00 2.24238674e+00 2.67573332e+00 2.75521350e+00
 2.24523477e+00 2.50318802e+00 2.53140031e+00 2.24523477e+00
 2.35200815e+00 2.33139165e+00 2.51143167e+00 2.00011761e+00
 2.44037252e+00 2.13852294e+00 2.08859037e+00 2.21260751e+00
 2.42265829e+00 2.34736155e+00 2.45638934e+00 2.37644600e+00
 3.03353019e-01 6.87939815e-01 6.80043498e-01 1.12814058e+00
 1.30344470e-01 8.06036498e-01 9.33002826e-01 5.37045809e-01
 1.30910691e+00 4.85777911e-01 1.22887048e+00 5.35247235e-01
 1.52218320e+00 1.09464115e+00 7.58774660e-01 8.46444250e-01
 1.28420590e+00 1.47951372e+00 9.92282744e-01 6.46809406e-02
 4.40723560e-01 3.16420651e-01 4.43803212e-01 1.63226054e+00
 9.25453960e-01 8.10212623e-01 1.10126361e+00 1.10555544e+00
 5.13472802e-01 6.45147192e-01 9.03972615e-01 9.98496291e-01
 5.73447501e-01 1.17743238e-04 7.31481461e-01 5.63868534e-01
 6.46891524e-01 7.51225794e-01 3.02253186e-01 6.05611606e-01]
0.05555555555555555%
0.038461538461538464%
[[-0.30944072 -0.46272328  1.8243384   1.73196877]]
[-8.55071999]
[ 1  4  6  8 10 14 15 16 21 22 23 24 38 47 49 51 54 55 61 62 66 70 74 75
 77]
[3.39603312e+00 1.78105910e+00 3.80630787e+00 2.60656971e+00
 1.86428188e+00 3.38307278e+00 1.67976768e+00 3.42031079e+00
 9.82766597e-01 3.18502053e+00 1.11979338e+00 2.08118053e+00
 2.77682356e+00 2.52935331e+00 1.76896144e+00 9.46103709e-01
 1.94178584e+00 4.40045943e+00 3.52552823e+00 3.88115894e+00
 3.40154671e+00 5.81441260e-01 1.80239374e+00 1.99995060e+00
 1.88607131e+00 2.28581167e+00 2.94041099e+00 2.86053912e+00
 2.35027297e+00 2.00976527e+00 3.17284054e+00 4.40990162e+00
 2.61916017e+00 2.96211810e+00 2.74264890e+00 2.71493541e+00
 4.90749499e+00 2.87881041e+00 2.74735751e-01 1.79240766e-01
 6.27908930e-01 1.14289280e-01 8.19749573e-01 6.40666634e-01
 2.01150512e-01 2.34163662e+00 3.43496912e+00 7.05710336e-01
 1.21568164e+00 1.76017474e-01 2.45796615e+00 6.92747401e-01
 8.84903697e-01 8.04166556e-01 8.90509498e-01 7.69676243e-01
 1.02666371e+00 1.85449777e-01 1.28299844e+00 1.38605320e+00
 1.19986059e+00 8.93742681e-01 3.37557226e-04 1.79040908e+00
 1.29956445e+00 1.85822255e-01 9.21166012e-01 3.68258690e-01
 1.31460515e+00 1.67350924e-01 3.75148253e-05 1.61149339e+00
 1.57769121e+00 4.57945236e-01 2.44572026e-01 2.42746474e-04
 7.92443960e-01 3.42920419e-01]
0.0%
0.0%
[[ 0.15228427 -0.13536379  0.49069375  0.23688664]]
[-2.28933995]
[34 68]
[2.18443299e+00 2.18612504e+00 2.25380693e+00 2.47715719e+00
 2.31133654e+00 2.18612504e+00 2.26226717e+00 2.22842622e+00
 2.03045667e+00 2.21996598e+00 2.04568510e+00 2.18274094e+00
 2.53807090e+00 2.00676801e+00 2.03891691e+00 2.10152266e+00
 2.10829085e+00 2.18781708e+00 2.22335008e+00 2.17428070e+00
 2.14551590e+00 2.09644652e+00 2.29272402e+00 2.28595583e+00
 2.20304551e+00 2.32487292e+00 2.24027055e+00 2.20304551e+00
 2.34010135e+00 2.18950913e+00 2.29272402e+00 2.20642960e+00
 2.36717411e+00 2.07444991e+00 1.99999982e+00 2.20642960e+00
 2.19458527e+00 2.28764788e+00 2.19966141e+00 2.24027055e+00
 2.43655061e-01 3.70558618e-01 5.36379265e-01 1.67512927e-01
 2.85956247e-01 3.97631376e-01 4.19627993e-01 1.17766524e+00
 1.46192920e+00 1.35364026e-01 6.70051011e-01 6.26059869e-02
 1.26565170e+00 1.35364026e-01 5.78680450e-01 7.44501098e-01
 5.75298447e-02 6.42980344e-02 5.51607692e-01 6.26057778e-01
 9.01861508e-01 1.01353664e+00 5.75296356e-01 1.48900405e-01
 3.67174523e-01 1.01522868e+00 5.26226980e-01 3.90863187e-01
 2.32367353e-07 4.89001937e-01 6.27749826e-01 3.89171139e-01
 1.81049306e-01 7.52961335e-01 6.73435106e-01 4.21320040e-01
 2.35194824e-01 3.19797195e-01 3.89171139e-01 1.31979931e-01]
0.0%
0.0%
[[ 0.04307695 -0.48820509  0.93871796  0.43435898]]
[-1.42161488]
[13 31 78]
[2.50040945 2.2859223  2.32181975 2.62497361 2.91125559 2.74235813
 2.69892227 2.46612742 2.30512739 2.51871715 2.16620433 2.42646074
 2.95540948 1.99999921 2.00430691 2.08202487 2.19043511 2.41138382
 2.45643511 2.19258897 2.13946077 2.26707613 2.74774277 2.8340761
 2.27246077 2.55515307 2.58620433 2.27246077 2.38948643 2.36687101
 2.56430691 1.99999927 2.48712745 2.15238382 2.09979406 2.23494796
 2.46828125 2.38464026 2.50471715 2.41622999 0.53723154 0.96207776
 0.95202645 1.44543675 0.34787261 1.09202651 1.23077007 0.79318031
 1.64718031 0.73789824 1.55797522 0.79371878 1.88051366 1.40738546
 1.03943675 1.13653932 1.61828291 1.83438549 1.29682136 0.27446234
 0.68853926 0.55123157 0.69230851 2.00112905 1.22215468 1.09615471
 1.4170778  1.4219239  0.76841109 0.91433414 1.19756492 1.30274444
 0.83500082 0.20302642 1.00874441 0.82315468 0.91541109 1.03082136
 0.1284864  0.8703598 ]
0.05555555555555555%
0.038461538461538464%
[[-0.34650663 -0.40290808  1.90192497  1.77461362]]
[-8.97370076]
[ 1  4  6  8 10 14 15 16 21 22 24 38 47 49 51 54 55 61 62 66 70 74 77]
[3.55682480e+00 1.83231819e+00 3.92864371e+00 2.69138128e+00
 1.90227932e+00 3.49878502e+00 1.78785683e+00 3.55182571e+00
 9.83851349e-01 3.30083623e+00 1.18260993e+00 2.14695011e+00
 2.87450153e+00 2.61643981e+00 1.84438953e+00 9.77551402e-01
 2.00059116e+00 4.56499853e+00 3.66707674e+00 4.03473060e+00
 3.52424729e+00 6.01393203e-01 1.83297800e+00 2.02458384e+00
 1.94334242e+00 2.40791352e+00 3.01797203e+00 2.97205983e+00
 2.42904201e+00 2.06280150e+00 3.29376399e+00 4.58195646e+00
 2.70690711e+00 3.03989156e+00 2.82213939e+00 2.80520021e+00
 5.09030487e+00 2.97204108e+00 2.66255110e-01 1.72773226e-01
 6.48605869e-01 1.02793352e-01 8.47308209e-01 6.81164632e-01
 2.20173772e-01 2.47419477e+00 3.51553082e+00 7.67593021e-01
 1.26868131e+00 1.73620907e-01 2.52218012e+00 7.30807462e-01
 9.42769101e-01 8.48000002e-01 9.26640104e-01 7.82378561e-01
 1.05798263e+00 1.93273901e-01 1.30751577e+00 1.47939323e+00
 1.23544399e+00 9.23097361e-01 2.86704994e-04 1.83282761e+00
 1.38327253e+00 2.14533626e-01 9.37920395e-01 3.83471901e-01
 1.36554231e+00 1.67817133e-01 2.92207996e-04 1.68371696e+00
 1.65261455e+00 4.67601763e-01 2.82571986e-01 4.51900355e-03
 8.60076839e-01 3.32692241e-01]
0.0%
0.0%
[[ 0.15228427 -0.13536379  0.49069375  0.23688664]]
[-2.28933995]
[34 68]
[2.18443299e+00 2.18612504e+00 2.25380693e+00 2.47715719e+00
 2.31133654e+00 2.18612504e+00 2.26226717e+00 2.22842622e+00
 2.03045667e+00 2.21996598e+00 2.04568510e+00 2.18274094e+00
 2.53807090e+00 2.00676801e+00 2.03891691e+00 2.10152266e+00
 2.10829085e+00 2.18781708e+00 2.22335008e+00 2.17428070e+00
 2.14551590e+00 2.09644652e+00 2.29272402e+00 2.28595583e+00
 2.20304551e+00 2.32487292e+00 2.24027055e+00 2.20304551e+00
 2.34010135e+00 2.18950913e+00 2.29272402e+00 2.20642960e+00
 2.36717411e+00 2.07444991e+00 1.99999982e+00 2.20642960e+00
 2.19458527e+00 2.28764788e+00 2.19966141e+00 2.24027055e+00
 2.43655061e-01 3.70558618e-01 5.36379265e-01 1.67512927e-01
 2.85956247e-01 3.97631376e-01 4.19627993e-01 1.17766524e+00
 1.46192920e+00 1.35364026e-01 6.70051011e-01 6.26059869e-02
 1.26565170e+00 1.35364026e-01 5.78680450e-01 7.44501098e-01
 5.75298447e-02 6.42980344e-02 5.51607692e-01 6.26057778e-01
 9.01861508e-01 1.01353664e+00 5.75296356e-01 1.48900405e-01
 3.67174523e-01 1.01522868e+00 5.26226980e-01 3.90863187e-01
 2.32367353e-07 4.89001937e-01 6.27749826e-01 3.89171139e-01
 1.81049306e-01 7.52961335e-01 6.73435106e-01 4.21320040e-01
 2.35194824e-01 3.19797195e-01 3.89171139e-01 1.31979931e-01]
0.0%
0.0%
[[ 0.04625854 -0.5211828   1.00304462  0.46412978]]
[-1.4528445]
[13 31 78]
[2.53403187e+00 2.30512769e+00 2.34367647e+00 2.66771913e+00
 2.97279668e+00 2.79215631e+00 2.74605140e+00 2.49756435e+00
 2.32525069e+00 2.55361473e+00 2.17706811e+00 2.45508347e+00
 3.02044273e+00 1.99958845e+00 2.00421431e+00 2.08740286e+00
 2.20305003e+00 2.43904702e+00 2.48723320e+00 2.20551699e+00
 2.14877285e+00 2.28485107e+00 2.79816968e+00 2.89030188e+00
 2.29086444e+00 2.59285727e+00 2.62577838e+00 2.29086444e+00
 2.41607137e+00 2.39155459e+00 2.60249467e+00 2.00020458e+00
 2.52030793e+00 2.16234235e+00 2.10598391e+00 2.25085052e+00
 2.49972325e+00 2.41075176e+00 2.53865772e+00 2.44436663e+00
 7.10868533e-01 1.16551454e+00 1.15441282e+00 1.68199386e+00
 5.09102533e-01 1.30459904e+00 1.45255036e+00 9.84874173e-01
 1.89725173e+00 9.25663081e-01 1.80234369e+00 9.85567928e-01
 2.14674059e+00 1.64128618e+00 1.24824059e+00 1.35209146e+00
 1.86679758e+00 2.09778302e+00 1.52317206e+00 4.30539830e-01
 8.72851045e-01 7.26133605e-01 8.77091207e-01 2.27564837e+00
 1.44329866e+00 1.30899364e+00 1.65192540e+00 1.65662888e+00
 9.58506561e-01 1.11416765e+00 1.41685423e+00 1.52957112e+00
 1.02951395e+00 3.53904770e-01 1.21516586e+00 1.01702390e+00
 1.11555516e+00 1.23898889e+00 2.06342223e-04 1.06736897e+00]
0.05555555555555555%
0.038461538461538464%
[[-0.37786207 -0.39634004  1.92351719  1.97587682]]
[-9.20268921]
[ 1  4  6  8 10 14 15 16 21 22 23 24 38 47 49 51 54 55 61 62 66 74 77]
[3.67186416e+00 1.85027564e+00 3.97480119e+00 2.73331605e+00
 1.88809436e+00 3.60211005e+00 1.79773957e+00 3.63438538e+00
 9.10902791e-01 3.35469135e+00 1.18502092e+00 2.20581700e+00
 2.93062882e+00 2.65589584e+00 1.88279337e+00 9.46808686e-01
 1.99960519e+00 4.67880015e+00 3.74931689e+00 4.13925629e+00
 3.59163813e+00 5.68639184e-01 1.81252195e+00 2.00018753e+00
 1.95867321e+00 2.46268687e+00 3.05267660e+00 3.00907209e+00
 2.47688690e+00 2.08226136e+00 3.35965240e+00 4.68009813e+00
 2.74142287e+00 3.09569877e+00 2.85847709e+00 2.85505641e+00
 5.17661982e+00 3.01119480e+00 1.65389514e-01 2.57682470e-01
 7.67514430e-01 2.21986456e-01 1.04800068e+00 8.49863177e-01
 2.88110006e-01 2.61617484e+00 3.67407401e+00 7.60408564e-01
 1.43033902e+00 5.14810687e-02 2.61733952e+00 6.71525880e-01
 1.07110206e+00 9.06097141e-01 8.65725396e-01 7.14855478e-01
 1.19027899e+00 2.05486347e-01 1.37900014e+00 1.56837190e+00
 1.38786667e+00 9.19219493e-01 2.08156626e-04 1.97672424e+00
 1.58302422e+00 2.86262209e-01 8.69420990e-01 4.97742500e-01
 1.55078140e+00 3.15862707e-01 9.96962767e-02 1.85282866e+00
 1.86145279e+00 6.23420845e-01 2.02318471e-01 1.06230213e-01
 1.03851930e+00 2.54579626e-01]
0.0%
0.0%
[[ 0.15228427 -0.13536379  0.49069375  0.23688664]]
[-2.28933995]
[34 68]
[2.18443299e+00 2.18612504e+00 2.25380693e+00 2.47715719e+00
 2.31133654e+00 2.18612504e+00 2.26226717e+00 2.22842622e+00
 2.03045667e+00 2.21996598e+00 2.04568510e+00 2.18274094e+00
 2.53807090e+00 2.00676801e+00 2.03891691e+00 2.10152266e+00
 2.10829085e+00 2.18781708e+00 2.22335008e+00 2.17428070e+00
 2.14551590e+00 2.09644652e+00 2.29272402e+00 2.28595583e+00
 2.20304551e+00 2.32487292e+00 2.24027055e+00 2.20304551e+00
 2.34010135e+00 2.18950913e+00 2.29272402e+00 2.20642960e+00
 2.36717411e+00 2.07444991e+00 1.99999982e+00 2.20642960e+00
 2.19458527e+00 2.28764788e+00 2.19966141e+00 2.24027055e+00
 2.43655061e-01 3.70558618e-01 5.36379265e-01 1.67512927e-01
 2.85956247e-01 3.97631376e-01 4.19627993e-01 1.17766524e+00
 1.46192920e+00 1.35364026e-01 6.70051011e-01 6.26059869e-02
 1.26565170e+00 1.35364026e-01 5.78680450e-01 7.44501098e-01
 5.75298447e-02 6.42980344e-02 5.51607692e-01 6.26057778e-01
 9.01861508e-01 1.01353664e+00 5.75296356e-01 1.48900405e-01
 3.67174523e-01 1.01522868e+00 5.26226980e-01 3.90863187e-01
 2.32367353e-07 4.89001937e-01 6.27749826e-01 3.89171139e-01
 1.81049306e-01 7.52961335e-01 6.73435106e-01 4.21320040e-01
 2.35194824e-01 3.19797195e-01 3.89171139e-01 1.31979931e-01]
0.0%
0.0%
[[ 0.04625854 -0.5211828   1.00304462  0.46412978]]
[-1.4528445]
[13 31 78]
[2.53403187e+00 2.30512769e+00 2.34367647e+00 2.66771913e+00
 2.97279668e+00 2.79215631e+00 2.74605140e+00 2.49756435e+00
 2.32525069e+00 2.55361473e+00 2.17706811e+00 2.45508347e+00
 3.02044273e+00 1.99958845e+00 2.00421431e+00 2.08740286e+00
 2.20305003e+00 2.43904702e+00 2.48723320e+00 2.20551699e+00
 2.14877285e+00 2.28485107e+00 2.79816968e+00 2.89030188e+00
 2.29086444e+00 2.59285727e+00 2.62577838e+00 2.29086444e+00
 2.41607137e+00 2.39155459e+00 2.60249467e+00 2.00020458e+00
 2.52030793e+00 2.16234235e+00 2.10598391e+00 2.25085052e+00
 2.49972325e+00 2.41075176e+00 2.53865772e+00 2.44436663e+00
 7.10868533e-01 1.16551454e+00 1.15441282e+00 1.68199386e+00
 5.09102533e-01 1.30459904e+00 1.45255036e+00 9.84874173e-01
 1.89725173e+00 9.25663081e-01 1.80234369e+00 9.85567928e-01
 2.14674059e+00 1.64128618e+00 1.24824059e+00 1.35209146e+00
 1.86679758e+00 2.09778302e+00 1.52317206e+00 4.30539830e-01
 8.72851045e-01 7.26133605e-01 8.77091207e-01 2.27564837e+00
 1.44329866e+00 1.30899364e+00 1.65192540e+00 1.65662888e+00
 9.58506561e-01 1.11416765e+00 1.41685423e+00 1.52957112e+00
 1.02951395e+00 3.53904770e-01 1.21516586e+00 1.01702390e+00
 1.11555516e+00 1.23898889e+00 2.06342223e-04 1.06736897e+00]
0.05555555555555555%
0.038461538461538464%
[[-0.36913783 -0.39060094  1.99910644  2.15489786]]
[-9.9443966]
[ 1  4  6  8 10 14 15 21 22 24 38 47 49 51 54 55 61 62 66 74 77]
[3.86722201e+00 1.91622280e+00 4.14616075e+00 2.81555761e+00
 1.95504548e+00 3.78878427e+00 1.86404743e+00 3.82116802e+00
 8.97705724e-01 3.49202700e+00 1.21849892e+00 2.30814228e+00
 3.04209651e+00 2.73958374e+00 1.93564854e+00 9.30564299e-01
 2.06364052e+00 4.91227426e+00 3.94510479e+00 4.36050522e+00
 3.75762599e+00 5.70566680e-01 1.88121791e+00 2.04345120e+00
 2.00033590e+00 2.57091152e+00 3.18566763e+00 3.15336402e+00
 2.60827132e+00 2.15519354e+00 3.51865525e+00 4.93651879e+00
 2.86857670e+00 3.23816055e+00 2.98361067e+00 2.96826894e+00
 5.43579490e+00 3.14446122e+00 8.84769177e-02 3.28068835e-01
 8.94034283e-01 2.80343357e-01 1.18811908e+00 9.94727512e-01
 3.58306273e-01 2.86374700e+00 3.94777920e+00 7.90666642e-01
 1.60980117e+00 1.66215067e-04 2.82336837e+00 6.50149744e-01
 1.21358907e+00 1.02134283e+00 8.52206699e-01 6.93502459e-01
 1.31972025e+00 2.68662152e-01 1.51915606e+00 1.75920793e+00
 1.53521003e+00 9.35857908e-01 1.53278730e-04 2.19225367e+00
 1.76874283e+00 3.56159963e-01 8.56499320e-01 6.18149762e-01
 1.73826797e+00 4.49397403e-01 1.49730245e-01 2.04653624e+00
 2.07554822e+00 7.62195706e-01 1.56629127e-01 1.89553913e-01
 1.19034553e+00 2.19853605e-01]
0.0%
0.0%
[[ 0.15228427 -0.13536379  0.49069375  0.23688664]]
[-2.28933995]
[34 68]
[2.18443299e+00 2.18612504e+00 2.25380693e+00 2.47715719e+00
 2.31133654e+00 2.18612504e+00 2.26226717e+00 2.22842622e+00
 2.03045667e+00 2.21996598e+00 2.04568510e+00 2.18274094e+00
 2.53807090e+00 2.00676801e+00 2.03891691e+00 2.10152266e+00
 2.10829085e+00 2.18781708e+00 2.22335008e+00 2.17428070e+00
 2.14551590e+00 2.09644652e+00 2.29272402e+00 2.28595583e+00
 2.20304551e+00 2.32487292e+00 2.24027055e+00 2.20304551e+00
 2.34010135e+00 2.18950913e+00 2.29272402e+00 2.20642960e+00
 2.36717411e+00 2.07444991e+00 1.99999982e+00 2.20642960e+00
 2.19458527e+00 2.28764788e+00 2.19966141e+00 2.24027055e+00
 2.43655061e-01 3.70558618e-01 5.36379265e-01 1.67512927e-01
 2.85956247e-01 3.97631376e-01 4.19627993e-01 1.17766524e+00
 1.46192920e+00 1.35364026e-01 6.70051011e-01 6.26059869e-02
 1.26565170e+00 1.35364026e-01 5.78680450e-01 7.44501098e-01
 5.75298447e-02 6.42980344e-02 5.51607692e-01 6.26057778e-01
 9.01861508e-01 1.01353664e+00 5.75296356e-01 1.48900405e-01
 3.67174523e-01 1.01522868e+00 5.26226980e-01 3.90863187e-01
 2.32367353e-07 4.89001937e-01 6.27749826e-01 3.89171139e-01
 1.81049306e-01 7.52961335e-01 6.73435106e-01 4.21320040e-01
 2.35194824e-01 3.19797195e-01 3.89171139e-01 1.31979931e-01]
