0.0
0.0
[[ 0.15228427 -0.13536379  0.49069375  0.23688664]]
[-2.28933995]
[34 68]
[2.18443299e+00 2.18612504e+00 2.25380693e+00 2.47715719e+00
 2.31133654e+00 2.18612504e+00 2.26226717e+00 2.22842622e+00
 2.03045667e+00 2.21996598e+00 2.04568510e+00 2.18274094e+00
 2.53807090e+00 2.00676801e+00 2.03891691e+00 2.10152266e+00
 2.10829085e+00 2.18781708e+00 2.22335008e+00 2.17428070e+00
 2.14551590e+00 2.09644652e+00 2.29272402e+00 2.28595583e+00
 2.20304551e+00 2.32487292e+00 2.24027055e+00 2.20304551e+00
 2.34010135e+00 2.18950913e+00 2.29272402e+00 2.20642960e+00
 2.36717411e+00 2.07444991e+00 1.99999982e+00 2.20642960e+00
 2.19458527e+00 2.28764788e+00 2.19966141e+00 2.24027055e+00
 2.43655061e-01 3.70558618e-01 5.36379265e-01 1.67512927e-01
 2.85956247e-01 3.97631376e-01 4.19627993e-01 1.17766524e+00
 1.46192920e+00 1.35364026e-01 6.70051011e-01 6.26059869e-02
 1.26565170e+00 1.35364026e-01 5.78680450e-01 7.44501098e-01
 5.75298447e-02 6.42980344e-02 5.51607692e-01 6.26057778e-01
 9.01861508e-01 1.01353664e+00 5.75296356e-01 1.48900405e-01
 3.67174523e-01 1.01522868e+00 5.26226980e-01 3.90863187e-01
 2.32367353e-07 4.89001937e-01 6.27749826e-01 3.89171139e-01
 1.81049306e-01 7.52961335e-01 6.73435106e-01 4.21320040e-01
 2.35194824e-01 3.19797195e-01 3.89171139e-01 1.31979931e-01]
